{
   "width":1920,
   "height":1080,
   "top":111,
   "left":360,
   "bottom":96,
   "right":356,
   "opacity":1.0000000,
   "messagex":0.220000,
   "messagey":0.120000
}