{
   "width":1920,
   "height":1080,
   "top":68,
   "left":370,
   "bottom":273,
   "right":577,
   "opacity":1.0000000,
   "messagex":0.220000,
   "messagey":0.120000
}
