{
   "width":1920,
   "height":1080,
   "top":19,
   "left":286,
   "bottom":169,
   "right":449,
   "opacity":1.0000000,
   "messagex":0.220000,
   "messagey":0.120000
}
