{
   "width":1920,
   "height":1080,
   "top":36,
   "left":357,
   "bottom":206,
   "right":450,
   "opacity":1.0000000,
   "messagex":0.220000,
   "messagey":0.120000
}
