{
   "width":1920,
   "height":1080,
   "top":30,
   "left":405,
   "bottom":212,
   "right":402,
   "opacity":1.0000000,
   "messagex":0.220000,
   "messagey":0.120000
}
