{
   "width":1920,
   "height":1080,
   "top":146,
   "left":461,
   "bottom":221,
   "right":416,
   "opacity":1.0000000,
   "messagex":0.220000,
   "messagey":0.120000
}
