{
   "width":1920,
   "height":1080,
   "top":82,
   "left":484,
   "bottom":292,
   "right":510,
   "opacity":1.0000000,
   "messagex":0.220000,
   "messagey":0.120000
}
