{
   "width":1920,
   "height":1080,
   "top":36,
   "left":281,
   "bottom":184,
   "right":518,
   "opacity":1.0000000,
   "messagex":0.220000,
   "messagey":0.120000
}
