{
   "width":1920,
   "height":1080,
   "top":30,
   "left":260,
   "bottom":199,
   "right":530,
   "opacity":1.0000000,
   "messagex":0.220000,
   "messagey":0.120000
}
