{
   "width":1920,
   "height":1080,
   "top":125,
   "left":450,
   "bottom":157,
   "right":442,
   "opacity":1.0000000,
   "messagex":0.220000,
   "messagey":0.120000
}
