{
   "width":1920,
   "height":1080,
   "top":116,
   "left":572,
   "bottom":248,
   "right":562,
   "opacity":1.0000000,
   "messagex":0.220000,
   "messagey":0.120000
}
