{
   "width":1920,
   "height":1080,
   "top":137,
   "left":429,
   "bottom":249,
   "right":431,
   "opacity":1.0000000,
   "messagex":0.220000,
   "messagey":0.120000
}
