{
   "width":1920,
   "height":1080,
   "top":51,
   "left":291,
   "bottom":168,
   "right":508,
   "opacity":1.0000000,
   "messagex":0.220000,
   "messagey":0.120000
}
