{
   "width":1920,
   "height":1080,
   "top":119,
   "left":317,
   "bottom":207,
   "right":594,
   "opacity":1.0000000,
   "messagex":0.220000,
   "messagey":0.120000
}
