{
   "width":1920,
   "height":1080,
   "top":16,
   "left":218,
   "bottom":181,
   "right":529,
   "opacity":1.0000000,
   "messagex":0.220000,
   "messagey":0.120000
}
