{
   "width":1920,
   "height":1080,
   "top":158,
   "left":274,
   "bottom":160,
   "right":269,
   "opacity":1.0000000,
   "messagex":0.220000,
   "messagey":0.120000
}
