{
   "width":1920,
   "height":1080,
   "top":169,
   "left":414,
   "bottom":205,
   "right":377,
   "opacity":1.0000000,
   "messagex":0.220000,
   "messagey":0.120000
}
